0,398
1,396
2,393
3,380
4,408
5,391
6,392
7,370
8,404
9,400
10,389
11,379
12,379
13,406
14,379
15,399
16,349
17,377
18,369
19,403
20,372
21,373
22,403
23,411
24,368
25,360
26,314
27,368
28,415
29,381
30,396
31,344
32,393
33,357
34,400
35,322
36,384
37,315
38,307
39,324
40,403
41,270
42,294
43,268
44,332
45,273
46,260
47,321
48,211
49,250
50,281
51,318
52,200
53,276
54,285
55,245
56,294
57,387
58,254
59,235
60,160
61,469
62,402
63,169
64,340
65,360
66,215
67,258
68,322
69,238
70,91
71,292
72,66
73,126
74,108
75,192
76,133
77,74
78,131
79,59
80,57
81,23
82,24
83,24
84,21
85,88
86,28
87,31
88,43
89,20
90,25
91,27
92,23
93,23
94,19
95,21
96,29
97,24
98,27
99,19
100,24
