0,417
1,464
2,470
3,493
4,477
5,477
6,469
7,508
8,471
9,470
10,502
11,496
12,507
13,531
14,471
15,501
16,538
17,473
18,447
19,512
20,512
21,452
22,492
23,506
24,545
25,473
26,499
27,474
28,545
29,506
30,516
31,515
32,532
33,501
34,574
35,505
36,479
37,533
38,548
39,560
40,498
41,527
42,511
43,536
44,532
45,544
46,543
47,524
48,543
49,534
50,578
51,523
52,582
53,577
54,611
55,584
56,613
57,582
58,670
59,595
60,645
61,644
62,616
63,638
64,611
65,616
66,612
67,654
68,693
69,650
70,659
71,709
72,690
73,723
74,776
75,772
76,767
77,779
78,777
79,808
80,842
81,828
82,866
83,912
84,945
85,979
86,955
87,1046
88,1108
89,1150
90,1272
91,1377
92,1452
93,1643
94,1761
95,2047
96,2183
97,2507
98,2653
99,2705
100,2723
