4391,407
4392,406
4393,405
4394,421
4395,401
4396,432
4397,391
4398,403
4399,396
4400,409
4401,416
4402,390
4403,436
4404,442
4405,422
4406,429
4407,403
4408,420
4409,419
4410,422
4411,384
4412,408
4413,417
4414,392
4415,400
4416,441
4417,415
4418,409
4419,406
4420,425
4421,397
4422,424
4423,400
4424,398
4425,414
4426,393
4427,389
4428,421
4429,399
4430,440
4431,433
4432,403
4433,408
4434,428
4435,446
4436,396
4437,413
4438,426
4439,418
4440,396
4441,431
4442,405
4443,415
4444,427
4445,398
4446,443
4447,422
4448,408
4449,415
4450,411
4451,398
4452,398
4453,429
4454,399
4455,414
4456,421
4457,420
4458,421
4459,414
4460,401
4461,413
4462,411
4463,425
4464,392
4465,418
4466,417
4467,409
4468,417
4469,392
4470,409
4471,407
4472,395
4473,418
4474,426
4475,428
4476,403
4477,375
4478,422
4479,462
4480,416
4481,405
4482,390
4483,415
4484,411
4485,438
4486,413
4487,419
4488,422
4489,420
4490,432
4491,450
4492,437
4493,426
4494,434
4495,398
4496,425
4497,390
4498,413
4499,400
4500,426
4501,424
4502,422
4503,413
4504,432
4505,448
4506,413
4507,427
4508,398
4509,409
4510,417
4511,399
4512,410
4513,405
4514,410
