0,440
1,421
2,405
3,436
4,397
5,409
6,400
7,424
8,434
9,435
10,475
11,485
12,486
13,485
14,518
15,532
16,530
17,557
18,587
19,654
20,658
21,704
22,733
23,764
24,723
25,821
26,819
27,885
28,913
29,1038
30,1006
31,1172
32,1177
33,1201
34,1318
35,1446
36,1464
37,1594
38,1624
39,1678
40,1769
41,1727
42,1965
43,1991
44,2073
45,2117
46,2244
47,2149
48,2248
49,2235
50,2352
51,2430
52,2442
53,2519
54,2592
55,2575
56,2607
57,2651
58,2654
59,2645
60,2679
61,2681
62,2684
63,2709
64,2709
65,2713
66,2715
67,2703
68,2718
69,2721
70,2721
71,2721
72,2721
73,2723
74,2721
75,2716
76,2723
77,2723
78,2723
79,2723
80,2723
81,2693
82,2723
83,2723
84,2675
85,2613
86,2502
87,2707
88,2685
89,2681
90,2606
91,2604
92,2582
93,2544
94,2688
95,2605
96,2666
97,2573
98,2589
99,2692
100,2614
