4391,408
4392,426
4393,371
4394,415
4395,393
4396,395
4397,405
4398,377
4399,379
4400,423
4401,390
4402,413
4403,397
4404,400
4405,418
4406,400
4407,431
4408,396
4409,402
4410,398
4411,411
4412,389
4413,395
4414,423
4415,407
4416,393
4417,384
4418,388
4419,402
4420,424
4421,409
4422,408
4423,388
4424,386
4425,405
4426,388
4427,401
4428,391
4429,392
4430,371
4431,392
4432,398
4433,377
4434,394
4435,372
4436,425
4437,394
4438,432
4439,379
4440,418
4441,378
4442,370
4443,422
4444,399
4445,390
4446,415
4447,390
4448,369
4449,371
4450,412
4451,394
4452,414
4453,408
4454,424
4455,397
4456,386
4457,431
4458,379
4459,398
4460,375
4461,356
4462,397
4463,394
4464,430
4465,396
4466,368
4467,391
4468,377
4469,420
4470,415
4471,396
4472,403
4473,421
4474,405
4475,410
4476,403
4477,395
4478,406
4479,397
4480,386
4481,372
4482,406
4483,395
4484,406
4485,411
4486,391
4487,391
4488,401
4489,416
4490,387
4491,396
4492,398
4493,392
4494,379
4495,382
4496,415
4497,418
4498,403
4499,390
4500,374
4501,407
4502,375
4503,390
4504,368
4505,379
4506,410
4507,410
4508,400
4509,400
4510,404
4511,403
4512,404
4513,392
4514,403
4515,402
4516,390
4517,380
4518,401
4519,404
4520,387
4521,417
4522,404
4523,375
4524,404
4525,403
4526,398
4527,389
4528,394
4529,411
4530,376
4531,385
4532,375
4533,408
4534,412
4535,401
4536,357
4537,390
4538,398
4539,385
4540,418
4541,412
4542,408
4543,429
4544,400
4545,393
4546,422
4547,384
4548,437
4549,391
4550,367
4551,351
4552,393
4553,411
4554,387
4555,407
4556,361
4557,400
4558,359
4559,399
4560,412
4561,418
4562,413
4563,430
4564,395
4565,398
4566,395
4567,398
4568,387
4569,408
4570,389
4571,390
4572,393
4573,383
4574,402
4575,395
4576,394
4577,402
4578,390
4579,414
4580,364
4581,402
4582,421
4583,392
4584,411
4585,364
4586,403
4587,401
4588,405
4589,383
4590,404
4591,388
4592,423
4593,418
4594,416
4595,394
4596,392
4597,425
4598,445
4599,416
4600,405
4601,409
4602,382
4603,399
4604,401
4605,404
4606,389
4607,439
4608,370
4609,404
4610,381
4611,412
4612,422
4613,399
4614,410
4615,381
4616,388
4617,399
4618,429
4619,447
4620,403
4621,399
4622,393
4623,366
4624,387
4625,390
4626,404
4627,387
4628,374
